9.330000000000000000e+02
5.600000000000000000e+01
6.700000000000000000e+01
8.280000000000000000e+02
3.590000000000000000e+02
9.980000000000000000e+02
5.270000000000000000e+02
8.180000000000000000e+02
7.420000000000000000e+02
5.570000000000000000e+02
5.970000000000000000e+02
9.190000000000000000e+02
4.830000000000000000e+02
7.660000000000000000e+02
5.500000000000000000e+01
4.160000000000000000e+02
5.590000000000000000e+02
5.360000000000000000e+02
7.740000000000000000e+02
7.290000000000000000e+02
3.640000000000000000e+02
4.700000000000000000e+02
6.510000000000000000e+02
8.390000000000000000e+02
8.100000000000000000e+02
2.320000000000000000e+02
4.570000000000000000e+02
8.790000000000000000e+02
2.150000000000000000e+02
1.390000000000000000e+02
7.760000000000000000e+02
5.100000000000000000e+02
1.210000000000000000e+02
5.960000000000000000e+02
7.670000000000000000e+02
3.430000000000000000e+02
8.660000000000000000e+02
2.530000000000000000e+02
8.670000000000000000e+02
5.680000000000000000e+02
